
%% BOCH02
BOCH02.reached         = [1 1 1 1; ...
                          1 1 1 0; ...
                          1 1 1 0; ...
                          1 1 1 1; ...
                          1 1 1 1; ...
                          1 1 1 1; ...
                          1 1 1 1; ...
                          1 1 1 1; ...
                          1 1 1 1; ...
                          1 1 1 1]';

BOCH02.durations.rate  = 100 ./ 35.386;
BOCH02.durations.pixel = [19.633 19.633 18.726 15.176; ...
                          20.624 17.652 17.156    nan; ...
                          20.412 20.058 18.830    nan; ...
                          19.845 22.393 17.722 34.888; ...
                          20.553 21.544 28.503 15.072; ...
                          24.304 29.916 50.029 48.756; ...
                          21.507 18.784 17.015 18.076; ...
                          21.049 40.369 22.323 16.307; ...
                          21.788 19.422 14.821 17.049; ...
                          23.950 21.827 15.759 16.802]';
BOCH02.durations.time  = BOCH02.durations.pixel .* BOCH02.durations.rate;

BOCH02.frechet.rate    = 1 ./ 25.276;
BOCH02.frechet.pixel   = [18.196 14.604 15.812 15.676; ...
                          13.550 10.219  6.920    nan; ...
                          14.669 16.787 10.481    nan; ...
                          25.918 18.198 11.253 78.556; ...
                          10.095  8.679  9.585 10.358; ...
                          10.743 18.982 60.829 67.256; ...
                          17.893 13.177 13.635 25.768; ...
                          18.075 18.254 18.958 10.178; ...
                          21.955 12.777  8.801 19.869; ...
                          12.790  7.841 13.196 22.033]';
BOCH02.frechet.time    = BOCH02.frechet.pixel .* BOCH02.frechet.rate;

%% BOCH04
BOCH04.reached         = [1 0 1 0; ...
                          1 0 0 0; ...
                          1 0 0 0; ...
                          1 0 1 0; ...
                          1 1 1 0]';

BOCH04.durations.rate  = 100 ./ 35.586;
BOCH04.durations.pixel = [38.720    nan 31.042    nan; ...
                          37.942    nan    nan    nan; ...
                          33.776    nan    nan    nan; ...
                          35.414    nan 31.057    nan; ...
                          45.558 26.146 31.091    nan; ...
                          ]';
BOCH04.durations.time  = BOCH04.durations.pixel .* BOCH04.durations.rate;

BOCH04.frechet.rate    = 1 ./ 25.418;
BOCH04.frechet.pixel   = [25.249    nan 60.122    nan; ...
                          11.910    nan    nan    nan; ...
                          21.261    nan    nan    nan; ...
                          17.054    nan 60.797    nan; ...
                          23.928 21.130 21.439    nan]';
BOCH04.frechet.time    = BOCH04.frechet.pixel .* BOCH04.frechet.rate;


%% BOCH05
BOCH05.reached         = [1 1 1 0; ...
                          1 0 0 0; ...
                          1 0 0 0; ...
                          1 1 1 0; ...
                          1 1 1 1; ...
                          1 1 1 0]';

BOCH05.durations.rate  = 100 ./ 35.386;
BOCH05.durations.pixel = [56.481 50.490 38.099    nan; ...
                          30.477    nan    nan    nan; ...
                          42.449    nan    nan    nan; ...
                          37.043 62.061 61.388    nan; ...
                          43.837 21.827 23.426 16.510; ...
                          31.357 28.621 26.334    nan]';
BOCH05.durations.time  = BOCH05.durations.pixel .* BOCH05.durations.rate;

BOCH05.frechet.rate  = 1 ./ 25.276;
BOCH05.frechet.pixel = [30.552 33.137 16.069    nan; ...
                        43.917    nan    nan    nan; ...
                        66.692    nan    nan    nan; ...
                        38.923 20.527 39.422    nan; ...
                        26.269 23.667 12.890 19.050; ...
                        49.795 54.274 16.746    nan]';
BOCH05.frechet.time  = BOCH05.frechet.pixel .* BOCH05.frechet.rate;

